Listening to port 4567
Connected!!!
EKF: 

 rmse = 0.158219
0.214052
 5.80025
0.998341
x_ = 0.219176
0.684548
0.534245
 4.55087
P_ = 0.0223563         0  0.319378         0
        0 0.0223563         0  0.319378
 0.319378         0   290.286         0
        0  0.319378         0   290.286

 rmse = 0.132046
0.162683
 5.57239
 3.29103
x_ = -0.20614
0.777755
-7.85392
 2.76895
P_ =   0.00200045   0.00442519    0.0151045 -0.000934069
  0.00442519    0.0171458  -0.00103837     0.010053
   0.0151045  -0.00103837      7.92161     -2.10113
-0.000934069     0.010053     -2.10113     0.658659

 rmse = 0.118722
0.167653
 4.87933
 3.12377
x_ = -0.446301
 0.745061
 -4.41253
  1.74752
P_ =    0.0114486 -0.000241929     0.201099   -0.0515915
-0.000241929      0.01053   -0.0520153    0.0220282
    0.201099   -0.0520153      4.01876     -1.05314
  -0.0515915    0.0220282     -1.05314     0.395492

 rmse = 0.111486
0.162023
  4.2301
 2.84033
x_ = -0.716636
 0.646626
  -4.4323
  1.46191
P_ =    0.0010644 -0.000526377    0.0077094   0.00235451
-0.000526377   0.00202782  -0.00565217  -0.00142404
   0.0077094  -0.00565217     0.131699    0.0453091
  0.00235451  -0.00142404    0.0453091    0.0809022

 rmse =   0.1125
0.146268
 3.78713
  2.6205
x_ = -0.931972
 0.700533
 -4.39447
  1.43558
P_ =   0.00197502 -0.000482209    0.0134801   0.00428266
-0.000482209   0.00191085  -0.00278069   0.00301221
   0.0134801  -0.00278069     0.144879    0.0429347
  0.00428266   0.00301221    0.0429347     0.102097

 rmse = 0.109307
0.139245
 3.46118
 2.45958
x_ = -1.18318
0.721333
-4.59253
 1.17226
P_ =   0.00184682 -0.000452079   0.00816297   0.00483567
-0.000452079    0.0012706 -0.000683108   0.00221246
  0.00816297 -0.000683108    0.0730168    0.0376872
  0.00483567   0.00221246    0.0376872    0.0890147

 rmse = 0.108396
 0.13611
 3.20542
 2.31654
x_ = -1.38956
0.763477
-4.50831
 1.15973
P_ =   0.00253651 -0.000123787    0.0109877   0.00600221
-0.000123787   0.00160437   0.00118369   0.00674743
   0.0109877   0.00118369    0.0894097    0.0340254
  0.00600221   0.00674743    0.0340254     0.107555

 rmse = 0.104285
0.138614
 3.00023
 2.20155
x_ = -1.62281
0.760604
-4.50928
0.808147
P_ =   0.00239463 -0.000134349   0.00719028   0.00501111
-0.000134349   0.00141605   0.00151544    0.0056461
  0.00719028   0.00151544    0.0563004    0.0270347
  0.00501111    0.0056461    0.0270347    0.0862216

 rmse = 0.100467
0.139781
 2.83037
 2.08999
x_ = -1.80145
0.788986
-4.37246
  0.8273
P_ =  0.00285182 0.000206391  0.00920206  0.00545988
0.000206391  0.00201041  0.00251405  0.00952137
 0.00920206  0.00251405    0.074158    0.023257
 0.00545988  0.00952137    0.023257    0.102726

 rmse = 0.095311
0.143452
 2.68863
 1.99636
x_ = -2.06014
0.772534
-4.59016
0.558661
P_ =  0.00271687 0.000101169  0.00632234  0.00430653
0.000101169  0.00181399  0.00236069  0.00769205
 0.00632234  0.00236069   0.0510896   0.0214329
 0.00430653  0.00769205   0.0214329   0.0844271

 rmse =  0.09105
0.144207
 2.56435
 1.90826
x_ = -2.28919
 0.79911
-4.59002
0.553285
P_ = 0.00301497  0.0003758 0.00811714 0.00444913
 0.0003758 0.00248946 0.00289491  0.0110057
0.00811714 0.00289491  0.0697427  0.0178874
0.00444913  0.0110057  0.0178874  0.0997612

 rmse = 0.0871997
  0.14674
  2.45599
  1.83112
x_ =  -2.59144
  0.70134
 -4.91243
0.0123731
P_ = 0.00295276 0.00030839 0.00589864 0.00387562
0.00030839 0.00232358 0.00299145 0.00945821
0.00589864 0.00299145  0.0496636  0.0200758
0.00387562 0.00945821  0.0200758  0.0883717

 rmse = 0.0859487
 0.142216
  2.35981
   1.7597
x_ = -2.82113
0.723529
-4.86111
 0.10777
P_ = 0.00314934 0.00052233 0.00759964 0.00386124
0.00052233 0.00301804  0.0032517  0.0123892
0.00759964  0.0032517  0.0685652  0.0163409
0.00386124  0.0123892  0.0163409   0.102084

 rmse = 0.0842801
 0.138761
  2.27401
  1.69578
x_ =  -3.07461
 0.725114
 -4.81281
0.0698145
P_ =  0.00315187 0.000528141  0.00573871  0.00370422
0.000528141  0.00290765  0.00361398   0.0112797
 0.00573871  0.00361398   0.0489945   0.0197137
 0.00370422   0.0112797   0.0197137   0.0954925

 rmse = 0.0834813
   0.1354
   2.1969
  1.63862
x_ = -3.30973
0.753042
-4.78629
0.164547
P_ =   0.0032722 0.000677093  0.00733986   0.0035078
0.000677093  0.00357807  0.00360486   0.0138332
 0.00733986  0.00360486   0.0679029   0.0155215
  0.0035078   0.0138332   0.0155215    0.107045

 rmse = 0.0824935
  0.13306
  2.12715
  1.58666
x_ =  -3.55989
 0.720699
 -4.83119
0.0125516
P_ =  0.00329751 0.000677552  0.00568393  0.00345933
0.000677552  0.00354127  0.00393856   0.0130878
 0.00568393  0.00393856   0.0487186    0.019548
 0.00345933   0.0130878    0.019548    0.102652

 rmse = 0.0820974
 0.129583
  2.06365
   1.5404
x_ =   -3.8066
 0.663521
 -4.87206
-0.198682
P_ =  0.00336608 0.000759459  0.00721751  0.00313898
0.000759459  0.00414124  0.00371809   0.0151761
 0.00721751  0.00371809   0.0676211    0.015021
 0.00313898   0.0151761    0.015021    0.111864

 rmse = 0.0820678
 0.126058
  2.00555
  1.50131
x_ =   -4.03648
  0.699944
  -4.87835
-0.0241174
P_ =  0.00342642 0.000830542   0.0057122  0.00334197
0.000830542  0.00416328  0.00443236   0.0147197
  0.0057122  0.00443236   0.0486378   0.0196342
 0.00334197   0.0147197   0.0196342    0.109376

 rmse = 0.0815127
 0.122697
  1.95211
  1.46333
x_ =  -4.31349
 0.639166
 -4.97255
-0.232201
P_ =  0.00345136 0.000850031  0.00716652   0.0028765
0.000850031  0.00465063  0.00396608   0.0162985
 0.00716652  0.00396608   0.0674103   0.0145992
  0.0028765   0.0162985   0.0145992    0.116292

 rmse = 0.0829817
 0.120914
  1.90301
  1.43217
x_ = -4.55315
0.631735
-4.95423
-0.21837
P_ =  0.00352782 0.000945573  0.00573321  0.00319289
0.000945573  0.00479294  0.00471971   0.0163357
 0.00573321  0.00471971   0.0484351   0.0193423
 0.00319289   0.0163357   0.0193423     0.11584

 rmse = 0.0842277
 0.120225
   1.8574
   1.4038
x_ =   -4.77849
  0.683488
  -4.88326
-0.0083344
P_ =  0.00351817 0.000902368  0.00712631  0.00259954
0.000902368  0.00513767  0.00403867   0.0173423
 0.00712631  0.00403867   0.0671533   0.0139519
 0.00259954   0.0173423   0.0139519     0.12037

 rmse = 0.0845376
  0.11851
  1.81476
  1.37455
x_ = -4.99641
0.753851
-4.89704
0.236624
P_ =  0.00359005 0.000973301  0.00565694  0.00292048
0.000973301  0.00540665  0.00454707   0.0178694
 0.00565694  0.00454707   0.0477533   0.0182973
 0.00292048   0.0178694   0.0182973    0.121688

 rmse = 0.0838896
 0.116025
  1.77495
  1.34512
x_ = -5.25066
0.751067
-4.92028
  0.1901
P_ =  0.00355677 0.000878884  0.00703315  0.00227141
0.000878884   0.0055909  0.00376852   0.0182745
 0.00703315  0.00376852    0.066648   0.0129922
 0.00227141   0.0182745   0.0129922    0.123889

 rmse = 0.0838021
 0.114076
  1.73772
  1.31829
x_ = -5.51853
0.732846
-5.08155
0.117792
P_ = 0.00362857 0.00094943 0.00556598 0.00267837
0.00094943 0.00599063 0.00427711  0.0192596
0.00556598 0.00427711  0.0471858  0.0175056
0.00267837  0.0192596  0.0175056   0.126777

 rmse = 0.0849585
 0.113409
  1.70347
  1.29438
x_ = -5.72774
0.829937
-4.96853
0.401952
P_ =  0.00358093 0.000825101  0.00694798  0.00202873
0.000825101  0.00599932  0.00346732   0.0190552
 0.00694798  0.00346732   0.0662708   0.0123767
 0.00202873   0.0190552   0.0123767    0.126801

 rmse = 0.0846973
 0.111332
  1.67068
  1.26973
x_ = -5.95137
0.914656
-4.72415
0.580061
P_ =  0.00365355 0.000890164  0.00548169  0.00248372
0.000890164  0.00654089  0.00388319   0.0205336
 0.00548169  0.00388319    0.046685   0.0165961
 0.00248372   0.0205336   0.0165961    0.131379

 rmse = 0.0839437
 0.109381
  1.63953
  1.24603
x_ = -6.14081
0.937515
-4.63897
0.554674
P_ = 0.00359794 0.00075159 0.00688123 0.00185954
0.00075159 0.00636635 0.00309958  0.0197265
0.00688123 0.00309958  0.0659733  0.0117716
0.00185954  0.0197265  0.0117716    0.12935

 rmse = 0.0824545
 0.107464
  1.61029
  1.22377
x_ =  -6.3928
0.978643
-4.94018
0.634001
P_ =  0.00367322 0.000812105  0.00543284  0.00236494
0.000812105  0.00701364  0.00347417   0.0215594
 0.00543284  0.00347417   0.0464133   0.0159564
 0.00236494   0.0215594   0.0159564    0.135044

 rmse = 0.0811267
 0.105693
  1.58249
  1.20259
x_ = -6.66178
0.969646
 -4.9901
0.511827
P_ =  0.00361412 0.000674694  0.00685213  0.00178891
0.000674694  0.00666608  0.00275696   0.0202247
 0.00685213  0.00275696   0.0658573   0.0114552
 0.00178891   0.0202247   0.0114552    0.131338

 rmse = 0.0803154
 0.103992
  1.55629
   1.1833
x_ = -6.90238
 0.99652
 -4.9984
0.518476
P_ = 0.00369763 0.00080444 0.00543947 0.00248429
0.00080444 0.00745147 0.00360266  0.0224703
0.00543947 0.00360266  0.0464513  0.0165106
0.00248429  0.0224703  0.0165106   0.138309

 rmse = 0.0795694
 0.102487
  1.53143
  1.16531
x_ = -7.13902
 1.08872
 -4.9587
 0.71566
P_ =    0.003632 0.000666478  0.00684961  0.00188844
0.000666478  0.00692744  0.00281823   0.0206295
 0.00684961  0.00281823   0.0658625   0.0117518
 0.00188844   0.0206295   0.0117518    0.133073

 rmse = 0.0788083
 0.100911
  1.50762
  1.14728
x_ = -7.39095
 1.07652
 -4.9187
0.564709
P_ =  0.00371815 0.000769327  0.00543696  0.00252389
0.000769327  0.00785683  0.00324653    0.023374
 0.00543696  0.00324653   0.0462838   0.0157891
 0.00252389    0.023374   0.0157891    0.141573

 rmse = 0.0783665
0.0996318
   1.4848
   1.1315
x_ = -7.62367
 1.12136
-4.89114
0.613705
P_ =  0.0036489 0.00062566 0.00685317 0.00191357
0.00062566  0.0071672 0.00251918  0.0210434
0.00685317 0.00251918  0.0657997  0.0113074
0.00191357  0.0210434  0.0113074   0.134784

 rmse = 0.0778128
 0.098448
  1.46294
   1.1165
x_ = -7.84035
 1.15713
-4.83573
 0.62951
P_ =  0.00373912 0.000784341  0.00545501  0.00268492
0.000784341  0.00820351  0.00337655   0.0240762
 0.00545501  0.00337655   0.0463187   0.0162525
 0.00268492   0.0240762   0.0162525    0.144038

 rmse = 0.0769196
 0.097539
  1.44194
  1.10258
x_ = -8.06936
 1.18784
-4.81239
0.627966
P_ =  0.00366383 0.000634549  0.00685831  0.00203004
0.000634549  0.00736004  0.00258382   0.0213265
 0.00685831  0.00258382   0.0657975   0.0115299
 0.00203004   0.0213265   0.0115299    0.136043

 rmse = 0.0759672
0.0971255
   1.4218
  1.08993
x_ = -8.30183
 1.29596
-4.84864
0.860343
P_ = 0.00375688 0.00080569 0.00546944 0.00282406
0.00080569 0.00850108 0.00339952  0.0246877
0.00546944 0.00339952  0.0463151  0.0163513
0.00282406  0.0246877  0.0163513   0.146219

 rmse = 0.0750129
0.0959259
  1.40256
  1.07618
x_ = -8.53351
 1.32884
-4.83078
0.832139
P_ =  0.00367615 0.000643829  0.00686314  0.00211491
0.000643829  0.00752205  0.00256839   0.0215713
 0.00686314  0.00256839   0.0657874   0.0115236
 0.00211491   0.0215713   0.0115236     0.13716

 rmse = 0.0740633
0.0950857
  1.38407
  1.06374
x_ = -8.74213
 1.36362
-4.48901
0.772268
P_ = 0.00377178 0.00077607 0.00547659 0.00282613
0.00077607 0.00878333 0.00294586  0.0253365
0.00547659 0.00294586   0.046198  0.0154338
0.00282613  0.0253365  0.0154338     0.1485

 rmse = 0.0731329
0.0947995
  1.36672
  1.05312
x_ = -8.96273
 1.46367
-4.47306
 0.94703
P_ = 0.00368968 0.00060676 0.00687962 0.00210918
0.00060676 0.00767879 0.00222368  0.0218542
0.00687962 0.00222368  0.0657778  0.0110403
0.00210918  0.0218542  0.0110403   0.138295

 rmse = 0.0723406
0.0939213
  1.35005
  1.04173
x_ = -9.20105
  1.4817
-4.72839
0.897447
P_ =  0.00378913 0.000708769  0.00550005  0.00276621
0.000708769  0.00903338  0.00237223   0.0259103
 0.00550005  0.00237223   0.0461697   0.0144199
 0.00276621   0.0259103   0.0144199    0.150454

 rmse = 0.0715502
0.0940523
   1.3335
  1.03201
x_ = -9.45893
 1.49773
-4.77108
0.813011
P_ =  0.00370792 0.000545415  0.00691653  0.00208845
0.000545415  0.00781647  0.00181572    0.022101
 0.00691653  0.00181572   0.0658468   0.0106045
 0.00208845    0.022101   0.0106045    0.139238

 rmse = 0.0706933
0.0959554
   1.3176
   1.0247
x_ = -9.71013
 1.49458
-4.90087
0.701836
P_ = 0.00380855 0.00074138  0.0055328 0.00298522
0.00074138  0.0092574 0.00280845  0.0263176
 0.0055328 0.00280845  0.0463325  0.0158693
0.00298522  0.0263176  0.0158693   0.151679

 rmse = 0.0699171
 0.101293
   1.3027
  1.02074
x_ = -9.98579
   1.642
-4.94233
  1.0099
P_ = 0.00372132 0.00057808 0.00692812 0.00226826
0.00057808 0.00792744 0.00211673  0.0222242
0.00692812 0.00211673  0.0659035  0.0114636
0.00226826  0.0222242  0.0114636   0.139756

 rmse = 0.0697178
 0.103166
  1.28859
  1.01309
x_ =  -10.207
 1.77309
-4.79762
 1.22751
P_ =   0.0038262 0.000731043  0.00555635  0.00304815
0.000731043  0.00947696  0.00250068   0.0268205
 0.00555635  0.00250068   0.0463249   0.0152189
 0.00304815   0.0268205   0.0152189     0.15337

 rmse = 0.0693426
  0.10346
  1.27445
  1.00402
x_ = -10.4045
 1.87204
-4.71537
 1.34029
P_ =  0.00373642 0.000560144  0.00695314  0.00230393
0.000560144   0.0080423  0.00188581    0.022428
 0.00695314  0.00188581   0.0659449    0.011104
 0.00230393    0.022428    0.011104    0.140541

 rmse = 0.0686305
 0.103436
  1.26063
  0.99487
x_ = -10.6637
 1.95584
-4.89389
 1.40715
P_ =  0.00385213 0.000607719  0.00562597  0.00284967
0.000607719  0.00964917   0.0013469   0.0272895
 0.00562597   0.0013469   0.0464762   0.0128046
 0.00284967   0.0272895   0.0128046    0.155035

 rmse = 0.0682389
  0.10353
  1.24799
 0.986076
x_ = -10.8987
 2.00976
-4.87626
 1.36408
P_ =  0.00376701 0.000451102  0.00704729  0.00219179
0.000451102  0.00813955  0.00109761   0.0226538
 0.00704729  0.00109761   0.0662131  0.00997465
 0.00219179   0.0226538  0.00997465    0.141348

 rmse = 0.0679643
 0.104609
  1.23579
 0.978741
x_ = -11.1251
 2.10148
-4.82779
 1.43194
P_ =  0.00388698 0.000541958  0.00571171  0.00288223
0.000541958   0.0098454  0.00113816   0.0277088
 0.00571171  0.00113816    0.046751   0.0130439
 0.00288223   0.0277088   0.0130439      0.1562

 rmse =  0.06769
0.105771
 1.22386
0.971722
x_ =  -11.312
 2.26041
-4.72365
 1.68895
P_ =  0.00379998  0.00040831  0.00712485  0.00228274
 0.00040831  0.00823889 0.000978499   0.0228052
 0.00712485 0.000978499   0.0664461   0.0103556
 0.00228274   0.0228052   0.0103556     0.14177

 rmse = 0.0670395
 0.105525
  1.21197
 0.963255
x_ = -11.5522
  2.3444
-4.72935
 1.68598
P_ =  0.00394164 0.000399992  0.00588763  0.00274109
0.000399992  0.00996374 6.51129e-05   0.0280276
 0.00588763 6.51129e-05   0.0473939   0.0110351
 0.00274109   0.0280276   0.0110351    0.157327

 rmse = 0.0665128
  0.10567
  1.20057
 0.955686
x_ = -11.7898
  2.4985
-4.73396
 1.87761
P_ =  0.00385628 0.000296788  0.00730006   0.0022476
0.000296788  0.00830422 0.000272859   0.0229578
 0.00730006 0.000272859   0.0670248  0.00952467
  0.0022476   0.0229578  0.00952467      0.1423

 rmse = 0.0661655
 0.105053
  1.18967
 0.947475
x_ = -12.0465
 2.61434
 -4.8636
 1.94959
P_ =   0.00401738  0.000265243   0.00611968   0.00268309
 0.000265243    0.0100884 -0.000705096    0.0283484
  0.00611968 -0.000705096     0.048227     0.010035
  0.00268309    0.0283484     0.010035     0.158316

 rmse = 0.0664691
 0.104407
  1.18007
 0.939542
x_ = -12.2918
 2.75485
-4.87076
 2.06695
P_ =   0.00392866  0.000201728   0.00750756   0.00229857
 0.000201728   0.00836979 -0.000209233    0.0230989
  0.00750756 -0.000209233    0.0676908   0.00931477
  0.00229857    0.0230989   0.00931477     0.142683

 rmse = 0.067433
0.103559
 1.17107
0.931601
x_ = -12.5257
 2.84074
-4.73737
   1.998
P_ =  0.00410995 0.000161271  0.00638011  0.00273871
0.000161271   0.0102089 -0.00123191   0.0286449
 0.00638011 -0.00123191   0.0491133  0.00967358
 0.00273871   0.0286449  0.00967358    0.159135

 rmse = 0.0688484
 0.103055
  1.16165
 0.924922
x_ = -12.7398
 3.00923
-4.69973
 2.19806
P_ =    0.0040122  0.000133986   0.00772684   0.00242646
 0.000133986    0.0084308 -0.000523832    0.0232195
  0.00772684 -0.000523832    0.0683684    0.0094322
  0.00242646    0.0232195    0.0094322     0.142935

 rmse = 0.0701381
 0.102188
  1.15252
 0.917564
x_ = -12.9637
 3.13529
-4.63858
 2.23937
P_ =  0.00421603 7.68013e-05  0.00666638  0.00283881
7.68013e-05   0.0102981 -0.00173014   0.0288674
 0.00666638 -0.00173014   0.0500804   0.0092983
 0.00283881   0.0288674   0.0092983    0.159725

 rmse = 0.0716834
 0.101351
  1.14351
 0.910652
x_ = -13.1615
 3.31527
 -4.5803
 2.44557
P_ =   0.00410513  7.92295e-05   0.00796159    0.0025692
 7.92295e-05   0.00847541 -0.000822907    0.0233104
  0.00796159 -0.000822907    0.0690901   0.00949773
   0.0025692    0.0233104   0.00949773     0.143084

 rmse = 0.0727444
 0.100514
  1.13466
 0.903241
x_ =  -13.344
 3.41919
-4.38937
 2.39779
P_ =   0.00434694 -3.00271e-05   0.00706128   0.00286445
-3.00271e-05    0.0103204  -0.00255829    0.0289825
  0.00706128  -0.00255829    0.0515691   0.00809713
  0.00286445    0.0289825   0.00809713     0.160117

 rmse = 0.0731094
0.0996662
   1.1254
 0.896718
x_ = -13.5214
 3.55141
-4.30873
 2.45808
P_ =  0.00422122 2.79426e-06  0.00828846  0.00265129
2.79426e-06  0.00848928 -0.00134221   0.0233825
 0.00828846 -0.00134221   0.0701824  0.00913284
 0.00265129   0.0233825  0.00913284    0.143209

 rmse = 0.0729442
0.0988561
  1.11627
 0.890504
x_ = -13.7592
  3.7171
 -4.3896
 2.57068
P_ =   0.00447967 -8.85927e-05   0.00738919   0.00301568
-8.85927e-05    0.0103901  -0.00283666    0.0291752
  0.00738919  -0.00283666    0.0526032   0.00833931
  0.00301568    0.0291752   0.00833931     0.160503

 rmse = 0.0733792
0.0980449
  1.10787
 0.884244
x_ = -13.9554
 3.81966
 -4.3393
 2.51473
P_ =   0.00433143 -2.94893e-05   0.00854159   0.00282133
-2.94893e-05   0.00852401  -0.00148913    0.0234611
  0.00854159  -0.00148913    0.0709259   0.00953548
  0.00282133    0.0234611   0.00953548     0.143196

 rmse =  0.073685
0.0973802
   1.0997
 0.879169
x_ = -14.1528
  3.9864
-4.21405
  2.6175
P_ =   0.00460097 -8.55274e-05    0.0076352   0.00329428
-8.55274e-05    0.0104811   -0.0027499    0.0293815
   0.0076352   -0.0027499    0.0532681    0.0094053
  0.00329428    0.0293815    0.0094053     0.160783

 rmse = 0.0739491
0.0966526
  1.09142
 0.874043
x_ = -14.3413
 4.14765
-4.17508
 2.71653
P_ =   0.00442719 -1.73067e-05   0.00872228   0.00305304
-1.73067e-05   0.00856725  -0.00140327    0.0235234
  0.00872228  -0.00140327    0.0714156    0.0103149
  0.00305304    0.0235234    0.0103149     0.143062

 rmse = 0.0740653
0.0959226
  1.08342
 0.868902
x_ = -14.5744
 4.32335
-4.16837
 2.79264
P_ =   0.00473759 -0.000113161   0.00801742   0.00342857
-0.000113161    0.0104718  -0.00324791    0.0294104
  0.00801742  -0.00324791    0.0547322   0.00886163
  0.00342857    0.0294104   0.00886163     0.160798

 rmse = 0.0750077
0.0951824
  1.07584
 0.863926
x_ = -14.7613
 4.52912
-4.13833
  2.9902
P_ =   0.00454153 -4.05222e-05   0.00902728   0.00315864
-4.05222e-05   0.00856471  -0.00171678    0.0235501
  0.00902728  -0.00171678    0.0724778    0.0102087
  0.00315864    0.0235501    0.0102087     0.142967

 rmse = 0.0758348
0.0945848
   1.0686
 0.858283
x_ =  -14.958
 4.69406
-4.03236
 3.01415
P_ =   0.00490395 -0.000178328    0.0085548   0.00344916
-0.000178328    0.0104122  -0.00401479    0.0293921
   0.0085548  -0.00401479    0.0569119   0.00778796
  0.00344916    0.0293921   0.00778796     0.160801

 rmse = 0.0768586
0.0939851
  1.06133
 0.853119
x_ =  -15.093
 4.84816
-3.89897
 3.07258
P_ =   0.00468359 -9.19327e-05   0.00945789   0.00319476
-9.19327e-05   0.00854074  -0.00220036     0.023588
  0.00945789  -0.00220036    0.0740288   0.00989006
  0.00319476     0.023588   0.00989006     0.142924

 rmse = 0.0768858
0.0933213
  1.05397
  0.84822
x_ = -15.2653
 4.99374
 -3.7705
 3.04199
P_ =   0.00508169 -0.000232404   0.00907435   0.00351118
-0.000232404    0.0104052  -0.00445261    0.0294821
  0.00907435  -0.00445261    0.0588097   0.00763484
  0.00351118    0.0294821   0.00763484     0.160916

 rmse = 0.0768013
0.0926513
  1.04658
 0.844295
x_ = -15.4561
 5.21815
-3.79375
 3.24131
P_ =   0.00482882 -0.000126865   0.00985511   0.00327221
-0.000126865   0.00854118  -0.00245462    0.0236529
  0.00985511  -0.00245462    0.0753566    0.0100852
  0.00327221    0.0236529    0.0100852     0.142807

 rmse = 0.0769235
0.0920787
  1.03967
 0.839538
x_ = -15.6187
 5.43032
-3.56989
   3.345
P_ =   0.00527413 -0.000276073   0.00964652   0.00359039
-0.000276073    0.0103783  -0.00487268     0.029527
  0.00964652  -0.00487268    0.0609287   0.00748699
  0.00359039     0.029527   0.00748699     0.160876

 rmse = 0.0768916
0.0917341
  1.03247
 0.834723
x_ =  -15.811
 5.54657
-3.58395
 3.19218
P_ =    0.0049841 -0.000155345    0.0102881   0.00334977
-0.000155345   0.00853204  -0.00270104    0.0237005
   0.0102881  -0.00270104    0.0768276    0.0102519
  0.00334977    0.0237005    0.0102519     0.142618

 rmse = 0.0772188
0.0910996
  1.02566
 0.831853
x_ = -15.9694
 5.67541
-3.51653
 3.11591
P_ =   0.00544298 -0.000260085    0.0100253   0.00382397
-0.000260085    0.0104574  -0.00469165     0.029746
   0.0100253  -0.00469165    0.0619616   0.00888086
  0.00382397     0.029746   0.00888086     0.161004

 rmse = 0.0774221
0.0908459
  1.01904
 0.830734
x_ = -16.0898
 5.86143
-3.41049
 3.24243
P_ =   0.00511044 -0.000134561     0.010552   0.00352802
-0.000134561   0.00857131  -0.00254764    0.0237716
    0.010552  -0.00254764    0.0775623    0.0112226
  0.00352802    0.0237716    0.0112226     0.142308

 rmse = 0.0771181
0.0906968
  1.01248
 0.829036
x_ = -16.2571
 6.03148
-3.31459
 3.23647
P_ =    0.0055983 -0.000224378    0.0103942   0.00405199
-0.000224378    0.0104812  -0.00462565    0.0298122
   0.0103942  -0.00462565    0.0631505   0.00975065
  0.00405199    0.0298122   0.00975065     0.160785

 rmse = 0.0769208
0.0909425
  1.00602
  0.82832
x_ = -16.3987
  6.2976
-3.29233
 3.54479
P_ =   0.00522669 -0.000108584    0.0108155   0.00367039
-0.000108584   0.00858312  -0.00249143     0.023782
   0.0108155  -0.00249143    0.0784077    0.0118221
  0.00367039     0.023782    0.0118221     0.141941

 rmse = 0.0766243
0.0904811
 0.999907
 0.825159
x_ = -16.5253
 6.44445
-3.05204
 3.43352
P_ =   0.00579551 -0.000232732    0.0111008   0.00409649
-0.000232732    0.0103226  -0.00526314    0.0295829
   0.0111008  -0.00526314    0.0661833   0.00876891
  0.00409649    0.0295829   0.00876891     0.160231

 rmse = 0.0761922
0.0906494
  0.99351
 0.823876
x_ = -16.6888
 6.65739
-3.08797
 3.54089
P_ =   0.00538719 -0.000127248    0.0113603   0.00366492
-0.000127248   0.00851251  -0.00291467    0.0237465
   0.0113603  -0.00291467    0.0804987    0.0114221
  0.00366492    0.0237465    0.0114221     0.141721

 rmse = 0.0758983
0.0907613
 0.987569
 0.822209
x_ = -16.8545
 6.85147
-3.13773
 3.58826
P_ =   0.00598712 -0.000228062     0.011658   0.00420141
-0.000228062    0.0103315  -0.00533319    0.0297115
    0.011658  -0.00533319    0.0681242   0.00944512
  0.00420141    0.0297115   0.00944512     0.160303

 rmse = 0.0758873
0.0911513
 0.982372
 0.820799
x_ = -17.0869
 7.14248
-3.33269
 3.84572
P_ =   0.00553191 -0.000122298    0.0117583   0.00373271
-0.000122298   0.00852104   -0.0029351    0.0238139
   0.0117583   -0.0029351    0.0818238    0.0119975
  0.00373271    0.0238139    0.0119975     0.141502

 rmse = 0.0778633
0.0907057
 0.979354
  0.81765
x_ = -17.2129
 7.38852
-3.00344
 3.93026
P_ =   0.00619156 -0.000209115    0.0123113   0.00432236
-0.000209115    0.0102964  -0.00547191    0.0297456
   0.0123113  -0.00547191    0.0705965   0.00988098
  0.00432236    0.0297456   0.00988098     0.160146

 rmse =  0.079663
0.0901617
 0.974703
 0.814413
x_ = -17.3016
 7.64635
-2.89161
 4.14709
P_ =   0.00568756 -0.000112387    0.0122323    0.0037903
-0.000112387   0.00850878  -0.00301346    0.0238498
   0.0122323  -0.00301346    0.0835119    0.0123941
   0.0037903    0.0238498    0.0123941     0.141221

 rmse = 0.0805685
0.0896355
 0.970091
 0.810281
x_ = -17.4251
 7.83417
-2.78183
 4.08365
P_ =   0.00647038 -0.000212494    0.0134774   0.00429124
-0.000212494   0.00997809  -0.00630905    0.0292811
   0.0134774  -0.00630905    0.0758136   0.00827061
  0.00429124    0.0292811   0.00827061     0.159222

 rmse = 0.0815399
 0.089117
 0.965543
 0.806965
x_ = -17.5096
 7.95566
-2.62884
 3.88531
P_ =   0.00591215 -0.000135556    0.0131099    0.0036963
-0.000135556   0.00836506  -0.00359626     0.023778
   0.0131099  -0.00359626    0.0869822    0.0115718
   0.0036963     0.023778    0.0115718     0.140997

 rmse = 0.0819535
0.0896374
 0.960837
 0.805945
x_ = -17.6263
 8.18684
-2.54605
 3.97662
P_ =   0.00669417 -0.000200417    0.0139915   0.00440892
-0.000200417    0.0101533  -0.00591102    0.0297695
   0.0139915  -0.00591102    0.0769105    0.0102515
  0.00440892    0.0297695    0.0102515     0.159802

 rmse = 0.0824974
 0.090146
  0.95636
 0.804585
x_ = -17.7785
 8.43628
-2.61917
 4.10353
P_ =   0.00606221 -0.000113964    0.0134148   0.00378959
-0.000113964    0.0084538  -0.00327692    0.0239485
   0.0134148  -0.00327692    0.0876542    0.0128986
  0.00378959    0.0239485    0.0128986     0.140684

 rmse = 0.0840259
0.0904077
 0.953172
 0.802571
x_ = -17.8487
  8.6445
-2.25294
 4.05689
P_ =   0.00691385 -0.000144373    0.0146784   0.00456664
-0.000144373     0.010132   -0.0058366    0.0297866
   0.0146784   -0.0058366    0.0794441    0.0110352
  0.00456664    0.0297866    0.0110352      0.15938

 rmse = 0.0849328
0.0911124
 0.948523
 0.801518
x_ = -17.9109
 8.93317
-2.17148
  4.3339
P_ =   0.00621844 -8.14834e-05    0.0138839   0.00384257
-8.14834e-05   0.00844614  -0.00323142    0.0239526
   0.0138839  -0.00323142    0.0893294      0.01338
  0.00384257    0.0239526      0.01338     0.140213

 rmse = 0.0853169
0.0910942
  0.94412
 0.798569
x_ = -18.0085
  9.2252
-1.95242
 4.46045
P_ =   0.00718742 -7.63801e-05    0.0158533   0.00461684
-7.63801e-05   0.00983268  -0.00629114    0.0293343
   0.0158533  -0.00629114    0.0847364    0.0101178
  0.00461684    0.0293343    0.0101178     0.158364

 rmse = 0.0858857
0.0906756
 0.939366
 0.795179
x_ = -17.9908
 9.51871
-1.71777
 4.73378
P_ =   0.00642762 -6.07287e-05    0.0147371   0.00376137
-6.07287e-05   0.00830959  -0.00359292    0.0238632
   0.0147371  -0.00359292    0.0927855     0.012801
  0.00376137    0.0238632     0.012801     0.139902

 rmse = 0.0854633
0.0901774
 0.934353
 0.790941
x_ = -18.0667
 9.80836
-1.57814
 4.83002
P_ = 0.00754422  3.724e-05  0.0176156 0.00462042
 3.724e-05 0.00929594 -0.0068938  0.0285444
 0.0176156 -0.0068938  0.0931837 0.00841211
0.00462042  0.0285444 0.00841211   0.156978

 rmse = 0.0850589
0.0898616
 0.929387
 0.786668
x_ = -18.1444
 10.0213
-1.56083
 4.74662
P_ =  0.00670571 -2.4959e-05   0.0160239  0.00357963
-2.4959e-05  0.00805914 -0.00412927   0.0237244
  0.0160239 -0.00412927   0.0982315   0.0116043
 0.00357963   0.0237244   0.0116043    0.139709

 rmse = 0.0847128
 0.089395
 0.924789
 0.782749
x_ = -18.2401
 10.2605
 -1.4717
 4.68011
P_ =  0.00791575 7.16732e-05   0.0189929  0.00450785
7.16732e-05  0.00929463 -0.00686549   0.0288692
  0.0189929 -0.00686549   0.0983834  0.00880715
 0.00450785   0.0288692  0.00880715    0.157505

 rmse = 0.0846408
 0.088918
 0.920394
 0.779286
x_ = -18.2009
 10.4885
-1.19477
 4.71859
P_ =   0.00695896 -1.07142e-05    0.0169018   0.00343555
-1.07142e-05   0.00807255  -0.00410827    0.0239243
   0.0169018  -0.00410827     0.101325     0.011902
  0.00343555    0.0239243     0.011902     0.139581

 rmse = 0.0842056
0.0884559
  0.91565
 0.775849
x_ = -18.2705
 10.6912
-1.30862
 4.66589
P_ =  0.00824629 0.000152245   0.0201663  0.00450933
0.000152245  0.00930293 -0.00660793   0.0290548
  0.0201663 -0.00660793    0.102732  0.00965268
 0.00450933   0.0290548  0.00965268    0.157347

 rmse = 0.0837631
0.0882362
 0.911793
  0.77287
x_ = -18.3064
 10.8541
-1.20109
 4.47041
P_ =  0.00717473 3.11808e-05    0.017626  0.00334819
3.11808e-05  0.00808337 -0.00396056    0.024011
   0.017626 -0.00396056    0.103891   0.0123403
 0.00334819    0.024011   0.0123403    0.139102

 rmse = 0.0833257
0.0891965
  0.90811
 0.771472
x_ = -18.3755
 11.1027
-1.13484
 4.49143
P_ =  0.00847938 0.000175931   0.0205423  0.00454093
0.000175931  0.00966874 -0.00586966   0.0297835
  0.0205423 -0.00586966    0.102557   0.0124241
 0.00454093   0.0297835   0.0124241    0.157728

 rmse = 0.0829662
0.0902465
 0.904834
 0.770103
x_ = -18.3726
 11.5043
-1.06525
 5.03515
P_ =   0.0072989 6.00917e-05   0.0177369  0.00338545
6.00917e-05  0.00826145 -0.00339141   0.0241806
  0.0177369 -0.00339141    0.103587   0.0141175
 0.00338545   0.0241806   0.0141175    0.138364

 rmse = 0.0825422
0.0898006
  0.90199
 0.766229
x_ =  -18.4358
   11.798
-0.972193
  5.08179
P_ =  0.00867084 0.000450074   0.0217037  0.00482386
0.000450074  0.00931614 -0.00552042   0.0291207
  0.0217037 -0.00552042    0.108715    0.012619
 0.00482386   0.0291207    0.012619    0.156045

 rmse = 0.0822421
0.0893686
 0.899461
 0.762378
x_ = -18.4564
 12.0278
-0.89033
 5.02035
P_ =  0.00744262 0.000191491   0.0185802  0.00333142
0.000191491  0.00808778 -0.00336768   0.0239646
  0.0185802 -0.00336768    0.107608   0.0137251
 0.00333142   0.0239646   0.0137251    0.137812

 rmse = 0.0819775
 0.088924
 0.897345
 0.758684
x_ =  -18.4757
  12.2659
-0.788588
  4.97334
P_ =   0.0088969 0.000583858   0.0227029  0.00478825
0.000583858  0.00933171 -0.00508838   0.0292921
  0.0227029 -0.00508838    0.112953   0.0135116
 0.00478825   0.0292921   0.0135116    0.156021

 rmse = 0.0817897
0.0885259
 0.895517
 0.755164
x_ =  -18.5206
   12.536
-0.812597
  5.03498
P_ =  0.00758982 0.000255519     0.01921  0.00319311
0.000255519  0.00809922 -0.00315269   0.0240389
    0.01921 -0.00315269    0.110149    0.014123
 0.00319311   0.0240389    0.014123    0.137514

 rmse = 0.0820307
0.0881051
 0.895072
 0.751572
x_ =  -18.5585
  12.8457
-0.666819
  5.11231
P_ =  0.00910046 0.000684935   0.0234996  0.00472882
0.000684935  0.00945041 -0.00454248   0.0295794
  0.0234996 -0.00454248    0.115993   0.0148962
 0.00472882   0.0295794   0.0148962    0.155916

 rmse =    0.0829
0.0877448
 0.894552
 0.747936
x_ =  -18.5567
  13.1199
-0.584794
  5.17723
P_ =  0.00771437 0.000306285   0.0196751   0.0030805
0.000306285  0.00815725 -0.00282735   0.0241091
  0.0196751 -0.00282735    0.111904    0.014877
  0.0030805   0.0241091    0.014877    0.137016

 rmse = 0.0839228
0.0874658
 0.894559
 0.744333
x_ =  -18.5949
  13.4335
-0.309827
  5.13815
P_ =   0.0092505 0.000877067   0.0243758  0.00476566
0.000877067  0.00940206 -0.00392359   0.0295233
  0.0243758 -0.00392359    0.120301   0.0158676
 0.00476566   0.0295233   0.0158676    0.155271

 rmse = 0.0860937
0.0876673
 0.893356
 0.740782
x_ =   -18.4895
    13.695
0.00412511
   5.17934
P_ =  0.00781622  0.00039934   0.0202561  0.00295613
 0.00039934  0.00813014 -0.00254852   0.0240743
  0.0202561 -0.00254852     0.11458   0.0151501
 0.00295613   0.0240743   0.0151501    0.136543

 rmse = 0.0866769
0.0879104
 0.890926
 0.737286
x_ =  -18.5041
  14.0141
0.0528359
  5.28031
P_ =  0.00935052  0.00114949   0.0253534  0.00480821
 0.00114949  0.00923298 -0.00321121   0.0292822
  0.0253534 -0.00321121    0.125914     0.01632
 0.00480821   0.0292822     0.01632    0.154541

 rmse = 0.0880422
0.0890764
 0.889124
 0.733975
x_ = -18.4236
 14.2299
0.283918
 5.14886
P_ =  0.00789749 0.000528988   0.0209617  0.00276678
0.000528988  0.00804197 -0.00229643   0.0240106
  0.0209617 -0.00229643     0.11816    0.014915
 0.00276678   0.0240106    0.014915    0.136256

 rmse = 0.0886784
0.0895758
 0.886744
 0.730577
x_ = -18.4395
 14.5573
0.362563
 5.22187
P_ =  0.00947784  0.00131723   0.0262592   0.0046096
 0.00131723  0.00925658 -0.00256319   0.0294113
  0.0262592 -0.00256319    0.130527   0.0168262
  0.0046096   0.0294113   0.0168262    0.154337

 rmse = 0.0903942
0.0912986
 0.884775
  0.72733
x_ = -18.3421
 14.7091
0.628631
 4.90287
P_ =  0.00798731 0.000604369    0.021556  0.00250348
0.000604369  0.00805078 -0.00200153    0.024058
   0.021556 -0.00200153    0.120925   0.0149568
 0.00250348    0.024058   0.0149568     0.13593

 rmse = 0.0912573
0.0914117
 0.882078
 0.724175
x_ = -18.3417
 15.0298
0.726564
 4.96993
P_ =   0.0096158  0.00139273   0.0269863  0.00429208
 0.00139273   0.0094114 -0.00196928   0.0296963
  0.0269863 -0.00196928    0.133695   0.0176415
 0.00429208   0.0296963   0.0176415    0.154028

 rmse = 0.0931993
0.0924421
 0.879633
 0.720928
x_ = -18.2009
 15.2569
 1.02334
  4.9111
P_ =  0.00807461 0.000634983   0.0219788    0.002246
0.000634983  0.00812263 -0.00166084   0.0241104
  0.0219788 -0.00166084    0.122674   0.0153892
   0.002246   0.0241104   0.0153892    0.135334

 rmse = 0.0937969
 0.093082
 0.876462
 0.717747
x_ = -18.1246
  15.504
 1.10388
 4.90837
P_ =  0.00960985  0.00160214   0.0275204  0.00414772
 0.00160214  0.00939342 -0.00112568   0.0296128
  0.0275204 -0.00112568    0.137427   0.0182384
 0.00414772   0.0296128   0.0182384    0.153225

 rmse = 0.0943472
0.0936846
 0.873567
 0.714579
x_ = -18.0148
 15.6994
 1.27765
 4.75839
P_ =  0.00808831 0.000735401   0.0223959  0.00200413
0.000735401  0.00810151 -0.00127926   0.0240475
  0.0223959 -0.00127926    0.125122   0.0153534
 0.00200413   0.0240475   0.0153534    0.134836

 rmse = 0.0945386
0.0936941
 0.870548
 0.711587
x_ = -17.9168
 15.8938
 1.39439
  4.6249
P_ =   0.00964496   0.00169437    0.0280369   0.00376871
  0.00169437   0.00950217 -0.000476275    0.0297459
   0.0280369 -0.000476275     0.140402    0.0186725
  0.00376871    0.0297459    0.0186725     0.152613

 rmse = 0.0946201
0.0933789
 0.867642
 0.708848
x_ = -17.8013
 16.0971
 1.53487
 4.53901
P_ =   0.00812241  0.000774588    0.0227453   0.00169871
 0.000774588   0.00814625 -0.000934479    0.0240411
   0.0227453 -0.000934479     0.126913    0.0154946
  0.00169871    0.0240411    0.0154946      0.13422

 rmse = 0.0945195
0.0929772
 0.864744
 0.706258
x_ = -17.729
16.2808
1.38483
 4.5438
P_ =  0.00968166  0.00172888   0.0284486  0.00332315
 0.00172888   0.0096463 0.000103952     0.02987
  0.0284486 0.000103952    0.142638   0.0191836
 0.00332315     0.02987   0.0191836    0.151708

 rmse = 0.0946673
0.0926938
 0.863431
 0.703525
x_ = -17.5302
 16.5335
 1.74589
 4.60435
P_ =   0.00815472  0.000786661    0.0230064   0.00140106
 0.000786661   0.00820699 -0.000588307     0.024001
   0.0230064 -0.000588307     0.128209    0.0157989
  0.00140106     0.024001    0.0157989     0.133388

 rmse = 0.0942813
0.0923527
 0.860822
 0.700598
x_ = -17.4643
 16.7833
 1.86068
 4.49351
P_ =  0.00956484  0.00186455   0.0285819  0.00298633
 0.00186455  0.00966957 0.000878666   0.0297578
  0.0285819 0.000878666    0.144925   0.0193947
 0.00298633   0.0297578   0.0193947    0.150654

 rmse = 0.0940828
0.0919784
 0.858312
 0.697783
x_ = -17.3575
 17.0364
 1.89136
 4.57458
P_ =   0.00810749   0.00085307    0.0232078    0.0010954
  0.00085307   0.00820334 -0.000205233    0.0239021
   0.0232078 -0.000205233     0.129907    0.0156595
   0.0010954    0.0239021    0.0156595      0.13275

 rmse = 0.0939735
0.0915954
 0.856328
  0.69487
x_ = -17.3386
 17.3334
 1.90325
 4.53644
P_ = 0.00947212  0.0019262  0.0287391 0.00247826
 0.0019262 0.00974267 0.00149011  0.0297241
 0.0287391 0.00149011   0.147026  0.0192598
0.00247826  0.0297241  0.0192598   0.149641

 rmse = 0.0951232
0.0914678
 0.855061
 0.691997
x_ = -17.1674
 17.6188
 2.10869
  4.6903
P_ =  0.00807489 0.000880325   0.0234028 0.000728523
0.000880325  0.00822707 0.000122064    0.023824
  0.0234028 0.000122064     0.13139   0.0154756
0.000728523    0.023824   0.0154756    0.132039

 rmse = 0.0956845
0.0919258
 0.853303
 0.689539
x_ = -17.1036
  17.872
 2.19873
 4.52032
P_ = 0.00922676 0.00205562   0.028557 0.00201733
0.00205562 0.00974512 0.00224313  0.0295574
  0.028557 0.00224313   0.148714    0.01878
0.00201733  0.0295574    0.01878   0.148706

 rmse = 0.0974039
0.0928209
 0.851753
 0.686883
x_ = -16.9342
 18.0556
 2.38833
 4.37807
P_ =  0.00795996 0.000946109   0.0234891 0.000331285
0.000946109  0.00821261 0.000483517   0.0237231
  0.0234891 0.000483517    0.132983   0.0148866
0.000331285   0.0237231   0.0148866    0.131566

 rmse =  0.098639
0.0932628
 0.849823
 0.684163
x_ = -16.8301
 18.2765
 2.47482
 4.23615
P_ = 0.00914464 0.00201366  0.0286762 0.00127338
0.00201366 0.00984945 0.00260835  0.0295284
 0.0286762 0.00260835   0.150397  0.0180139
0.00127338  0.0295284  0.0180139   0.147556

 rmse =  0.100664
0.0938047
 0.848084
  0.68143
x_ = -16.5863
 18.3413
  2.8724
 3.76734
P_ =  0.00793589  0.00091942   0.0236502 -0.00012382
 0.00091942  0.00825542  0.00071948   0.0236323
  0.0236502  0.00071948    0.134147   0.0145306
-0.00012382   0.0236323   0.0145306    0.130714

 rmse =  0.101245
0.0934322
 0.845165
 0.679413
x_ = -16.4317
 18.5095
 2.88766
  3.7322
P_ =  0.00910944  0.00191018   0.0287909 0.000499178
 0.00191018  0.00995535  0.00287015   0.0294172
  0.0287909  0.00287015    0.151553   0.0174021
0.000499178   0.0294172   0.0174021    0.145867

 rmse =  0.101905
0.0931068
 0.842606
 0.677222
x_ = -16.2106
 18.7143
 3.11522
 3.75513
P_ =     0.007934  0.000864027    0.0237647 -0.000544887
 0.000864027   0.00829812  0.000942633     0.023474
   0.0237647  0.000942633      0.13489    0.0143943
-0.000544887     0.023474    0.0143943     0.129514

 rmse =  0.101984
0.0927708
 0.839695
 0.674748
x_ = -16.069
18.9154
3.13496
3.71389
P_ =   0.00881921   0.00193135    0.0282705 -0.000100559
  0.00193135   0.00995223   0.00339969    0.0291284
   0.0282705   0.00339969     0.151568    0.0165631
-0.000100559    0.0291284    0.0165631     0.144468

 rmse =  0.102362
0.0924257
 0.837086
 0.672212
x_ = -15.8368
 19.1754
 3.35254
 3.89259
P_ =    0.0077883  0.000879944    0.0236423 -0.000967926
 0.000879944   0.00828269   0.00124749     0.023297
   0.0236423   0.00124749     0.135573    0.0137519
-0.000967926     0.023297    0.0137519     0.128777

 rmse = 0.102264
0.092181
0.834174
0.669762
x_ = -15.733
19.3898
3.26741
3.81497
P_ =   0.00833967   0.00200139    0.0272934 -0.000686185
  0.00200139   0.00990844   0.00398637    0.0288158
   0.0272934   0.00398637     0.150727    0.0151746
-0.000686185    0.0288158    0.0151746     0.143657

 rmse =  0.102927
0.0921064
 0.831899
 0.667385
x_ = -15.5172
 19.6001
  3.4279
  3.8423
P_ =  0.00753266 0.000925127   0.0233484 -0.00145502
0.000925127  0.00824752  0.00155054   0.0231564
  0.0233484  0.00155054    0.136173   0.0125798
-0.00145502   0.0231564   0.0125798    0.128534

 rmse =  0.103263
0.0922813
 0.829414
 0.665403
x_ = -15.4304
 19.8115
 3.32341
 3.69035
P_ =  0.00809605  0.00189928   0.0269036 -0.00157413
 0.00189928   0.0099403  0.00411683   0.0286153
  0.0269036  0.00411683    0.150944   0.0132837
-0.00157413   0.0286153   0.0132837    0.142587

 rmse =  0.105073
0.0928523
 0.827831
 0.663295
x_ = -15.1493
 20.0134
 3.68399
 3.67029
P_ =  0.00741459 0.000870988   0.0232901 -0.00201556
0.000870988  0.00825805  0.00167088   0.0230168
  0.0232901  0.00167088    0.136846   0.0115294
-0.00201556   0.0230168   0.0115294    0.127864

 rmse =  0.105625
0.0938565
  0.82518
 0.661522
x_ = -15.0659
 20.2028
 3.47951
 3.55274
P_ = 0.00780024 0.00179339  0.0262672 -0.0024171
0.00179339  0.0099487 0.00425571  0.0283446
 0.0262672 0.00425571   0.150158  0.0114576
-0.0024171  0.0283446  0.0114576   0.141419

 rmse =  0.107991
0.0952385
 0.823768
 0.659745
x_ = -14.8645
 20.2829
 3.57654
 3.25808
P_ =  0.00725778 0.000818301   0.0230858 -0.00255782
0.000818301  0.00825581  0.00180804   0.0228439
  0.0230858  0.00180804    0.137038   0.0104587
-0.00255782   0.0228439   0.0104587    0.127182

 rmse =  0.110367
0.0955668
 0.822307
  0.65747
x_ = -14.7085
 20.3994
 3.57188
 3.02242
P_ =  0.00799982  0.00146781   0.0268991 -0.00354302
 0.00146781   0.0100167  0.00387041   0.0280167
  0.0268991  0.00387041    0.152074  0.00975924
-0.00354302   0.0280167  0.00975924    0.138464

 rmse =  0.113767
0.0955801
 0.821352
 0.655077
x_ = -14.3792
 20.5463
 4.04962
  2.9124
P_ =  0.00739716 0.000638586   0.0234134 -0.00305828
0.000638586  0.00828381  0.00175854   0.0225182
  0.0234134  0.00175854    0.137744   0.0101636
-0.00305828   0.0225182   0.0101636    0.125018

 rmse = 0.114983
  0.0956
0.818715
0.652715
x_ = -14.2097
 20.6708
 4.01564
 2.73733
